# Table of neutrino energy density. First column is x=m/T, with m the neutrino mass, and T the neutrino temperature with T=T0/a and T0=1.68x10^{-4}eV the neutrino temperature at the present time. The second column is the neutrino energy density, \rho, in units of temperature to the fourth power, i.e., \rho/T^{4}==\rho a^{4}/T0^{4}. Here x extends out to x=100. At x>100 one can use the nonrelativistic power-law scaling \rho \sim x.

0.001	0.5757269650733411
0.0010232929922807542	0.5757269670370264
0.0010471285480508996	0.5757269690932572
0.0010715193052376066	0.5757269712463948
0.0010964781961431851	0.5757269735010067
0.0011220184543019637	0.5757269758618747
0.0011481536214968829	0.5757269783340067
0.0011748975549395293	0.5757269809226462
0.0012022644346174128	0.5757269836332845
0.0012302687708123814	0.5757269864716706
0.0012589254117941673	0.5757269894438255
0.0012882495516931339	0.5757269925560533
0.001318256738556407	0.5757269958149551
0.0013489628825916536	0.5757269992274439
0.0013803842646028849	0.5757270028007577
0.0014125375446227546	0.575727006542476
0.0014454397707459278	0.5757270104605353
0.0014791083881682077	0.5757270145632463
0.0015135612484362083	0.5757270188593112
0.0015488166189124811	0.5757270233578423
0.0015848931924611134	0.5757270280683819
0.0016218100973589297	0.5757270330009211
0.0016595869074375604	0.5757270381659225
0.0016982436524617442	0.5757270435743416
0.0017378008287493754	0.5757270492376504
0.001778279410038923	0.5757270551678608
0.0018197008586099837	0.5757270613775518
0.0018620871366628676	0.5757270678798946
0.0019054607179632475	0.5757270746886815
0.0019498445997580456	0.5757270818183541
0.00199526231496888	0.5757270892840354
0.0020417379446695297	0.5757270971015608
0.0020892961308540394	0.5757271052875119
0.0021379620895022318	0.5757271138592517
0.0021877616239495525	0.5757271228349616
0.0022387211385683395	0.5757271322336799
0.002290867652767773	0.5757271420753419
0.002344228815319922	0.5757271523808227
0.0023988329190194903	0.5757271631719807
0.0024547089156850307	0.5757271744717052
0.0025118864315095803	0.575727186303963
0.002570395782768864	0.5757271986938518
0.002630267991895382	0.5757272116676507
0.002691534803926916	0.5757272252528786
0.0027542287033381664	0.5757272394783499
0.002818382931264454	0.575727254374238
0.0028840315031266055	0.5757272699721377
0.0029512092266663855	0.575727286305133
0.003019951720402016	0.5757273034078669
0.0030902954325135908	0.5757273213166149
0.0031622776601683794	0.5757273400693623
0.003235936569296283	0.5757273597058841
0.0033113112148259113	0.5757273802678299
0.0033884415613920256	0.5757274017988123
0.0034673685045253162	0.575727424344499
0.003548133892335755	0.5757274479527098
0.0036307805477010136	0.5757274726735178
0.0037153522909717258	0.5757274985593562
0.0038018939632056123	0.5757275256651285
0.003890451449942806	0.5757275540483265
0.003981071705534972	0.5757275837691505
0.004073802778041128	0.575727614890638
0.004168693834703354	0.5757276474787968
0.004265795188015927	0.5757276816027458
0.00436515832240166	0.5757277173348606
0.004466835921509631	0.5757277547509277
0.00457088189614875	0.5757277939303048
0.004677351412871982	0.575727834956089
0.004786300923226384	0.5757278779152941
0.004897788193684462	0.5757279228990327
0.005011872336272723	0.5757279700027127
0.005128613839913649	0.5757280193262365
0.0052480746024977255	0.5757280709742142
0.005370317963702527	0.5757281250561862
0.0054954087385762455	0.5757281816868542
0.005623413251903491	0.5757282409863244
0.005754399373371569	0.5757283030803633
0.005888436553555889	0.5757283681006629
0.006025595860743578	0.5757284361851212
0.006165950018614822	0.5757285074781336
0.006309573444801933	0.5757285821308993
0.006456542290346555	0.5757286603017422
0.00660693448007596	0.5757287421564462
0.0067608297539198175	0.5757288278686071
0.006918309709189365	0.5757289176199991
0.0070794578438413795	0.5757290116009622
0.0072443596007499	0.5757291100108046
0.007413102413009175	0.5757292130582248
0.007585775750291838	0.5757293209617549
0.007762471166286917	0.575729433950223
0.007943282347242816	0.5757295522632384
0.008128305161640993	0.5757296761517001
0.008317637711026709	0.5757298058783273
0.008511380382023764	0.5757299417182169
0.008709635899560806	0.575730083959427
0.008912509381337455	0.5757302329035862
0.009120108393559099	0.5757303888665334
0.00933254300796991	0.5757305521789872
0.00954992586021436	0.5757307231872452
0.009772372209558107	0.5757309022539208
0.01	0.5757310897587075
0.010232929922807542	0.5757312860991868
0.010471285480508997	0.5757314916916685
0.010715193052376067	0.5757317069720724
0.01096478196143185	0.5757319323968529
0.011220184543019637	0.5757321684439656
0.01148153621496883	0.5757324156138782
0.011748975549395295	0.5757326744306319
0.012022644346174128	0.5757329454429506
0.012302687708123816	0.5757332292254032
0.012589254117941673	0.575733526379619
0.012882495516931339	0.5757338375355643
0.013182567385564071	0.575734163352872
0.013489628825916537	0.5757345045222418
0.01380384264602885	0.5757348617669004
0.014125375446227545	0.5757352358441323
0.014454397707459278	0.5757356275468839
0.014791083881682078	0.5757360377054391
0.015135612484362083	0.5757364671891796
0.01548816618912481	0.5757369169084208
0.015848931924611134	0.5757373878163413
0.0162181009735893	0.5757378809109963
0.016595869074375606	0.5757383972374303
0.016982436524617443	0.5757389378898878
0.017378008287493755	0.5757395040141258
0.01778279410038923	0.5757400968098381
0.018197008586099836	0.575740717533191
0.018620871366628676	0.5757413674994787
0.019054607179632477	0.5757420480859046
0.019498445997580455	0.5757427607344903
0.0199526231496888	0.5757435069551243
0.020417379446695298	0.5757442883287517
0.020892961308540393	0.5757451065107131
0.021379620895022322	0.5757459632342428
0.021877616239495523	0.5757468603141271
0.022387211385683396	0.5757477996505379
0.02290867652767773	0.5757487832330428
0.023442288153199223	0.5757498131448059
0.023988329190194904	0.5757508915669822
0.024547089156850305	0.5757520207833213
0.0251188643150958	0.5757532031849838
0.02570395782768864	0.5757544412755845
0.02630267991895382	0.5757557376764714
0.026915348039269163	0.5757570951322515
0.027542287033381664	0.5757585165165751
0.02818382931264454	0.5757600048381908
0.028840315031266057	0.5757615632472829
0.029512092266663854	0.5757631950421056
0.03019951720402016	0.5757649036759273
0.030902954325135908	0.5757666927642968
0.0316227766016838	0.5757685660926536
0.03235936569296283	0.575770527624287
0.03311311214825911	0.5757725815086725
0.033884415613920256	0.5757747320901925
0.034673685045253165	0.5757769839172653
0.03548133892335755	0.5757793417518999
0.03630780547701014	0.5757818105796951
0.03715352290971726	0.5757843956203029
0.038018939632056124	0.575787102338382
0.03890451449942806	0.5757899364550567
0.03981071705534972	0.5757929039599117
0.04073802778041127	0.5757960111235424
0.04168693834703355	0.5757992645106892
0.04265795188015927	0.5758026709939802
0.043651583224016605	0.5758062377683126
0.04466835921509632	0.5758099723659
0.045708818961487506	0.575813882672016
0.04677351412871982	0.5758179769414711
0.04786300923226383	0.5758222638158461
0.048977881936844624	0.5758267523415259
0.05011872336272723	0.5758314519885681
0.05128613839913648	0.5758363726704394
0.05248074602497726	0.575841524764664
0.05370317963702527	0.5758469191344264
0.054954087385762455	0.5758525671511673
0.05623413251903491	0.5758584807182202
0.057543993733715694	0.5758646722955352
0.0588843655355589	0.575871154925541
0.06025595860743578	0.5758779422601911
0.06165950018614822	0.5758850485892547
0.06309573444801933	0.5758924888699007
0.06456542290346555	0.57590027875764
0.0660693448007596	0.5759084346386786
0.06760829753919817	0.5759169736637545
0.06918309709189366	0.575925913783514
0.07079457843841379	0.575935273785505
0.072443596007499	0.5759450733328514
0.07413102413009175	0.5759553330046893
0.07585775750291839	0.5759660743384405
0.07762471166286918	0.5759773198740001
0.07943282347242815	0.5759890931999311
0.08128305161640993	0.5760014190017463
0.0831763771102671	0.5760143231123732
0.08511380382023764	0.5760278325648951
0.08709635899560808	0.5760419756476692
0.08912509381337456	0.5760567819619229
0.09120108393559098	0.5760722824819381
0.09332543007969911	0.5760885096179343
0.0954992586021436	0.5761054972817639
0.09772372209558107	0.5761232809555464
0.1	0.5761418977633627
0.10232929922807542	0.5761613865461389
0.10471285480508996	0.5761817879398615
0.10715193052376065	0.5762031444572576
0.1096478196143185	0.5762255005730936
0.11220184543019636	0.5762489028132359
0.1148153621496883	0.5762733998476404
0.11748975549395294	0.5762990425874291
0.12022644346174127	0.5763258842862242
0.12302687708123815	0.5763539806459166
0.12589254117941673	0.5763833899270513
0.1288249551693134	0.5764141730640208
0.1318256738556407	0.5764463937852576
0.13489628825916536	0.5764801187386344
0.1380384264602885	0.5765154176222789
0.14125375446227545	0.5765523633210209
0.14454397707459277	0.5765910320487004
0.14791083881682077	0.5766315034965637
0.15135612484362082	0.5766738609879908
0.1548816618912481	0.5767181916398084
0.15848931924611134	0.5767645865304318
0.16218100973589297	0.5768131408751156
0.16595869074375605	0.5768639542085771
0.16982436524617442	0.5769171305752779
0.17378008287493754	0.5769727787276547
0.1778279410038923	0.5770310123325959
0.18197008586099836	0.5770919501864792
0.18620871366628675	0.5771557164390801
0.19054607179632474	0.5772224408266812
0.19498445997580455	0.5772922589147202
0.19952623149688797	0.577365312350318
0.20417379446695297	0.5774417491250415
0.20892961308540392	0.5775217238482676
0.2137962089502232	0.5776053980315141
0.21877616239495523	0.5776929403841286
0.22387211385683395	0.577784527120715
0.2290867652767773	0.5778803422807056
0.2344228815319922	0.577980578060484
0.23988329190194904	0.5780854351584742
0.24547089156850305	0.578195123133622
0.251188643150958	0.5783098607777049
0.2570395782768864	0.5784298765019065
0.2630267991895382	0.5785554087381108
0.2691534803926916	0.5786867063553645
0.2754228703338166	0.5788240290919806
0.28183829312644537	0.5789676480037415
0.28840315031266056	0.5791178459286853
0.29512092266663853	0.5792749179689508
0.3019951720402016	0.5794391719901703
0.30902954325135906	0.5796109291388934
0.31622776601683794	0.5797905243785426
0.32359365692962827	0.5799783070443859
0.3311311214825911	0.5801746414180305
0.33884415613920255	0.5803799073219307
0.3467368504525316	0.5805945007344079
0.35481338923357547	0.5808188344256786
0.36307805477010135	0.5810533386153787
0.37153522909717257	0.5812984616520818
0.3801893963205612	0.5815546707152852
0.3890451449942806	0.5818224525403488
0.3981071705534972	0.5821023141668528
0.40738027780411273	0.5823947837108328
0.4168693834703354	0.5827004111613479
0.42657951880159267	0.5830197692018086
0.436515832240166	0.5833534540564977
0.44668359215096315	0.5837020863626781
0.457088189614875	0.5840663120686863
0.4677351412871982	0.5844468033583735
0.4786300923226383	0.584844259602238
0.4897788193684462	0.5852594083355775
0.5011872336272722	0.5856930062639514
0.5128613839913648	0.5861458402962197
0.5248074602497725	0.5866187286053989
0.5370317963702527	0.5871125217175363
0.5495408738576245	0.5876281036287689
0.5623413251903491	0.5881663929507043
0.5754399373371569	0.5887283440842062
0.5888436553555889	0.5893149484216429
0.6025595860743578	0.5899272355775997
0.6165950018614822	0.5905662746480126
0.6309573444801932	0.5912331754976368
0.6456542290346555	0.5919290900757097
0.660693448007596	0.5926552137596128
0.6760829753919817	0.5934127867262845
0.6918309709189365	0.594203095351083
0.7079457843841379	0.5950274736337329
0.72443596007499	0.5958873046509323
0.7413102413009175	0.5967840220351417
0.7585775750291838	0.5977191114790019
0.7762471166286917	0.5986941122647768
0.7943282347242815	0.5997106188181409
0.8128305161640993	0.6007702822855829
0.831763771102671	0.6018748121346114
0.8511380382023764	0.6030259777759016
0.8709635899560807	0.6042256102064514
0.8912509381337456	0.6054756036727456
0.9120108393559098	0.6067779173528788
0.933254300796991	0.6081345770565117
0.954992586021436	0.6095476769414905
0.9772372209558107	0.6110193812458897
1.	0.6125519260342018
1.023292992280754	0.6141476209563299
1.0471285480508996	0.6158088510180078
1.0715193052376064	0.6175380783612232
1.096478196143185	0.6193378440531879
1.1220184543019633	0.6212107698823641
1.1481536214968828	0.6231595601600328
1.1748975549395295	0.6251870035258775
1.202264434617413	0.6272959747560362
1.2302687708123816	0.6294894365720799
1.2589254117941673	0.6317704414493797
1.288249551693134	0.6341421334233317
1.318256738556407	0.6366077498919492
1.3489628825916535	0.6391706234133412
1.3803842646028848	0.6418341834966652
1.4125375446227544	0.6446019583851809
1.4454397707459274	0.6474775768300984
1.4791083881682074	0.650464769854002
1.5135612484362082	0.6535673725027097
1.5488166189124815	0.6567893255845325
1.5848931924611136	0.6601346773960194
1.62181009735893	0.663607585433383
1.6595869074375607	0.6672123180889644
1.6982436524617444	0.6709532563322221
1.7378008287493754	0.674834895374913
1.7782794100389228	0.6788618463203021
1.8197008586099834	0.6830388377964227
1.8620871366628675	0.6873707175736244
1.9054607179632472	0.6918624541668393
1.9498445997580451	0.6965191384232345
1.9952623149688795	0.7013459850961488
2.041737944669529	0.70634833440645
2.0892961308540396	0.7115316535927103
2.137962089502232	0.7169015384518529
2.1877616239495525	0.7224637148721874
2.2387211385683394	0.7282240403610355
2.290867652767773	0.7341885055694188
2.344228815319922	0.7403632358165634
2.3988329190194904	0.7467544926172692
2.4547089156850306	0.753368675215471
2.51188643150958	0.7602123221276035
2.5703957827688635	0.7672921126996763
2.6302679918953817	0.7746148686822386
2.6915348039269156	0.7821875558276882
2.7542287033381663	0.7900172855146625
2.8183829312644537	0.798111316404497
2.884031503126606	0.806477056135002
2.9512092266663856	0.8151220630570452
3.019951720402016	0.8240540480196626
3.0902954325135905	0.833280876209632
3.1622776601683795	0.8428105690516517
3.2359365692962827	0.852651306175449
3.311311214825911	0.8628114274563096
3.3884415613920256	0.8732994351356738
3.4673685045253166	0.8841239960285676
3.548133892335755	0.8952939438247545
3.630780547701014	0.9068182814905682
3.715352290971725	0.9187061837784684
3.8018939632056115	0.930966999851391
3.890451449942806	0.9436102560289878
3.9810717055349722	0.956645658662853
4.073802778041127	0.9700830971477974
4.168693834703354	0.9839326470761981
4.265795188015927	0.9982045735423604
4.36515832240166	1.012909334603754
4.466835921509632	1.0280575849058626
4.570881896148751	1.04366017947725
4.677351412871983	1.0597281777013041
4.786300923226384	1.0762728474709369
4.897788193684462	1.0933056695323329
5.011872336272722	1.110838342023656
5.1286138399136485	1.1288827852143688
5.248074602497725	1.147451146450647
5.370317963702527	1.1665558053120786
5.495408738576246	1.1862093789846402
5.623413251903491	1.2064247278546658
5.7543993733715695	1.2272149613282861
5.88843655355589	1.2485934438805502
6.025595860743578	1.2705738013382037
6.165950018614822	1.2931699273998374
6.309573444801933	1.3163959903968807
6.456542290346556	1.3402664402986701
6.606934480075959	1.3647960159646075
6.760829753919817	1.3899997526462056
6.918309709189364	1.415892989741587
7.079457843841379	1.4424913788048668
7.244359600749901	1.469810891812623
7.413102413009175	1.49786782968954
7.5857757502918375	1.5266788310951642
7.762471166286917	1.5562608814735894
7.943282347242816	1.5866313223678188
8.128305161640993	1.6178078610004416
8.31763771102671	1.6498085801222726
8.511380382023766	1.6826519481305051
8.709635899560805	1.7163568294580023
8.912509381337454	1.750942495235322
9.120108393559097	1.7864286342271465
9.33254300796991	1.8228353640448438
9.549925860214358	1.8601832426370013
9.772372209558107	1.8984932800598744
10.	1.937786950529839
10.232929922807541	1.978086204760107
10.471285480508996	2.019413482584138
10.715193052376064	2.0617917258683933
10.96478196143185	2.1052443917172807
11.220184543019634	2.1497954659734217
11.481536214968829	2.19546947701658
11.748975549395295	2.242291509864892
12.022644346174129	2.2902872205823313
12.302687708123816	2.3394828509966166
12.589254117941673	2.3899052437321036
12.88249551693134	2.4415818575625217
13.18256738556407	2.494540783088734
13.489628825916535	2.5488107587470554
13.803842646028848	2.6044211871539997
14.125375446227544	2.661402151793688
14.454397707459275	2.719784434054498
14.791083881682074	2.779599530621901
15.135612484362081	2.8408796712347955
15.488166189124815	2.90365783681301
15.848931924611136	2.9679677779640286
16.2181009735893	3.033844033877329
16.595869074375607	3.1013219516151365
16.982436524617444	3.1704377058087196
17.378008287493753	3.241228318769751
17.78279410038923	3.3137316810266118
18.197008586099834	3.387986572295878
18.620871366628677	3.4640326828996018
19.054607179632473	3.5419106356393533
19.49844599758045	3.6216620081383444
19.952623149688794	3.7033293556633318
20.417379446695293	3.7869562344383363
20.892961308540396	3.872587225462574
21.37962089502232	3.9602679588453613
21.877616239495524	4.050045138671095
22.387211385683393	4.141966568407774
22.90867652767773	4.236081176872871
23.44228815319922	4.332439044770734
23.988329190194904	4.431091431816047
24.547089156850305	4.532090804458203
25.118864315095802	4.63549086422187
25.703957827688633	4.741346576679325
26.302679918953817	4.849714201070535
26.915348039269155	4.9606513205873
27.542287033381662	5.074216873338196
28.183829312644537	5.190471184011341
28.84031503126606	5.309475996252517
29.512092266663856	5.431294505776422
30.19951720402016	5.55599139422934
30.902954325135905	5.683632863821843
31.622776601683796	5.814286672750558
32.359365692962825	5.948022171428493
33.11311214825911	6.084910339543736
33.884415613920254	6.225023823966904
34.673685045253166	6.368436977528019
35.48133892335755	6.515225898684051
36.30780547701014	6.665468472098751
37.15352290971725	6.819244410156922
38.01893963205612	6.976635295435675
38.90451449942806	7.137724624155824
39.81071705534972	7.302597850636958
40.73802778041127	7.471342432780309
41.68693834703354	7.644047878604082
42.657951880159274	7.820805793856353
43.651583224016605	8.001709930731314
44.66835921509632	8.186856237715135
45.70881896148751	8.37634291058832
46.773514128719825	8.570270444611992
47.86300923226384	8.768741687926259
48.97788193684462	8.971861896189244
50.11872336272722	9.179738788486258
51.28613839913648	9.39248260453899
52.48074602497725	9.610206163245465
53.703179637025265	9.833024922582098
54.954087385762456	10.061057040899902
56.234132519034915	10.294423439647682
57.543993733715695	10.533247867555701
58.8843655355589	10.777656966314128
60.25595860743578	11.027780337781358
61.65950018614822	11.283750612758043
63.095734448019336	11.545703521363563
64.56542290346556	11.813777965052399
66.0693448007596	12.088116090308885
67.60829753919818	12.368863364059491
69.18309709189364	12.656168650842918
70.7945784384138	12.950184291778964
72.44359600749901	13.251066185378317
74.13102413009175	13.558973870236182
75.85775750291837	13.874070609653739
77.62471166286917	14.19652347823251
79.43282347242815	14.526503450487562
81.28305161640994	14.864185491526701
83.17637711026711	15.209748649843917
85.11380382023766	15.563376152276225
87.09635899560806	15.925255501174496
89.12509381337455	16.29557857383984
91.20108393559096	16.674541724278324
93.3254300796991	17.062345887328046
95.49925860214358	17.459196685214035
97.72372209558107	17.865304536587164
100.	18.280884768105416