# Table of neutrino energy density. First column is x=m/T, with m the neutrino mass, and T the neutrino temperature with T=T0/a and T0=1.68x10^{-4}eV the neutrino temperature at the present time. The second column is the neutrino energy density, \rho, in units of temperature to the fourth power, i.e., \rho/T^{4}=\rho a^{4}/T0^{4}. Here x extends out to x=1000. At x>1000 one can use the nonrelativistic power-law scaling \rho \sim x.

0.001	0.5757269650733411
0.0010139113857366793	0.5757269662406843
0.0010280162981264737	0.5757269674407324
0.0010423174293933042	0.5757269686744009
0.0010568175092136585	0.5757269699426324
0.0010715193052376066	0.5757269712463948
0.0010864256236170656	0.5757269725866838
0.0011015393095414152	0.5757269739645227
0.0011168632477805613	0.5757269753809635
0.001132400363235557	0.5757269768370874
0.0011481536214968829	0.5757269783340067
0.001164126029410491	0.5757269798728637
0.0011803206356517295	0.5757269814548338
0.0011967405313072434	0.5757269830811249
0.0012133888504649772	0.5757269847529782
0.0012302687708123814	0.5757269864716706
0.0012473835142429428	0.5757269882385143
0.0012647363474711513	0.5757269900548583
0.0012823305826560214	0.5757269919220893
0.0013001695780332904	0.575726993841633
0.001318256738556407	0.5757269958149551
0.0013365955165464422	0.5757269978435622
0.001355189412351036	0.5757269999290031
0.0013740419750125153	0.5757270020728702
0.0013931568029453031	0.5757270042768005
0.0014125375446227546	0.575727006542476
0.0014321878992735436	0.5757270088716273
0.0014521116175877425	0.5757270112660327
0.001472312502432719	0.57572701372752
0.0014927944095789963	0.5757270162579687
0.0015135612484362083	0.5757270188593112
0.0015346169827992946	0.5757270215335332
0.0015559656316050743	0.5757270242826765
0.0015776112696993486	0.5757270271088405
0.0015995580286146689	0.5757270300141825
0.0016218100973589297	0.5757270330009211
0.0016443717232149317	0.5757270360713367
0.0016672472125510626	0.5757270392277734
0.0016904409316432641	0.5757270424726413
0.0017139573075084253	0.5757270458084183
0.0017378008287493754	0.5757270492376504
0.001761976046411629	0.5757270527629563
0.0017864875748520507	0.5757270563870279
0.0018113400926196026	0.575727060112632
0.0018365383433483465	0.5757270639426124
0.0018620871366628676	0.5757270678798946
0.0018879913490962936	0.5757270719274841
0.001914255925021086	0.5757270760884711
0.0019408858775927784	0.5757270803660327
0.001967886289706845	0.5757270847634351
0.00199526231496888	0.5757270892840354
0.002023019178678272	0.5757270939312853
0.002051162178825566	0.5757270987087328
0.0020796966871036954	0.5757271036200257
0.0021086281499332893	0.5757271086689136
0.0021379620895022318	0.5757271138592517
0.0021677041048196945	0.5757271191950023
0.002197859872784825	0.5757271246802399
0.0022284351492703035	0.575727130319152
0.0022594357702209775	0.5757271361160439
0.002290867652767773	0.5757271420753419
0.002322736796357107	0.5757271482015958
0.0023550492838960097	0.5757271544994829
0.002387811282913178	0.5757271609738115
0.002421029046736178	0.5757271676295252
0.0024547089156850307	0.5757271744717052
0.002488857318282391	0.5757271815055754
0.0025234807724805746	0.5757271887365069
0.002558585886905646	0.5757271961700196
0.0025941793621188144	0.5757272038117894
0.002630267991895382	0.5757272116676507
0.0026668586645214798	0.5757272197436015
0.002703958364108844	0.5757272280458079
0.0027415741719278826	0.5757272365806079
0.0027797132677592883	0.5757272453545185
0.002818382931264454	0.575727254374238
0.0028575905433749467	0.5757272636466533
0.0028973435877013226	0.5757272731788436
0.002937649651961531	0.5757272829780866
0.0029785164294291893	0.5757272930518639
0.003019951720402016	0.5757273034078669
0.003061963433690677	0.5757273140540022
0.0031045595881283557	0.575727324998398
0.003147748314101316	0.5757273362494101
0.003191537855100762	0.5757273478156284
0.003235936569296283	0.5757273597058841
0.00328095293113119	0.5757273719292545
0.0033265955329400453	0.5757273844950722
0.003372873086588689	0.5757273974129312
0.003419794425137088	0.5757274106926938
0.0034673685045253162	0.575727424344499
0.003515604405282981	0.5757274383787697
0.0035645113342624426	0.5757274528062204
0.003614098626396133	0.5757274676378663
0.003664375746478333	0.5757274828850315
0.0037153522909717258	0.5757274985593562
0.0037670379898390887	0.5757275146728074
0.0038194427084004656	0.5757275312376873
0.0038725764492161725	0.5757275482666433
0.003926449353995999	0.5757275657726758
0.003981071705534972	0.5757275837691505
0.004036453929676049	0.575727602269807
0.004092606597300109	0.5757276212887699
0.004149540426343629	0.5757276408405595
0.004207266283844441	0.5757276609401031
0.004265795188015927	0.5757276816027458
0.004325138310350088	0.5757277028442624
0.004385306977749857	0.5757277246808709
0.004446312674691087	0.5757277471292416
0.004508167045414602	0.5757277702065134
0.00457088189614875	0.5757277939303048
0.00463446919736288	0.5757278183187275
0.004698941086052154	0.5757278433904011
0.004764309868054157	0.5757278691644665
0.004830588020397726	0.575727895660601
0.004897788193684462	0.5757279228990327
0.004965923214503361	0.5757279509005573
0.0050350060878790485	0.5757279796865515
0.005105049999754064	0.5757280092789925
0.005176068319505677	0.5757280397004716
0.0052480746024977255	0.5757280709742142
0.005321082592667942	0.5757281031240956
0.005395106225151276	0.5757281361746602
0.005470159628939716	0.5757281701511398
0.005546257129579108	0.5757282050794728
0.005623413251903491	0.5757282409863244
0.005701642722807475	0.5757282778991072
0.005780960474057181	0.5757283158460009
0.005861381645140287	0.5757283548559746
0.005942921586155726	0.5757283949588099
0.006025595860743578	0.5757284361851212
0.0061094202490557204	0.5757284785663814
0.006194410750767815	0.5757285221349446
0.0062805835881331795	0.5757285669240715
0.006367955209079158	0.5757286129679541
0.006456542290346555	0.5757286603017422
0.006546361740672749	0.5757287089615705
0.006637430704019088	0.5757287589845853
0.006729766562843178	0.5757288104089741
0.006823386941416696	0.5757288632739932
0.006918309709189365	0.5757289176199991
0.0070145529841997125	0.5757289734884784
0.007112135136533291	0.57572903092208
0.007211074791828996	0.575729089964647
0.007311390834834174	0.5757291506612505
0.007413102413009175	0.5757292130582248
0.007516228940182055	0.575729277203201
0.007620790100254121	0.5757293431451443
0.007726805850957024	0.5757294109343924
0.007834296427662117	0.5757294806226917
0.007943282347242816	0.5757295522632384
0.008053784411990667	0.575729625910719
0.008165823713585926	0.575729701621351
0.008279421637123342	0.5757297794529268
0.008394599865193975	0.5757298594648571
0.008511380382023764	0.5757299417182169
0.008629785477669703	0.5757300262757916
0.00874983775227436	0.5757301132021249
0.00887156012037961	0.5757302025635681
0.008994975815300352	0.5757302944283311
0.009120108393559099	0.5757303888665334
0.009246981739382225	0.5757304859502592
0.009375620069258803	0.5757305857536104
0.009506047936562815	0.5757306883527649
0.009638290236239706	0.5757307938260334
0.009772372209558107	0.5757309022539208
0.009908319448927677	0.5757310137191842
0.010046157902783952	0.5757311283069011
0.01018591388054117	0.5757312461045293
0.010327614057613975	0.5757313672019767
0.010471285480508997	0.5757314916916685
0.010616955571987247	0.5757316196686181
0.01076465213629835	0.5757317512304997
0.010914403364487566	0.5757318864777227
0.011066237839776664	0.5757320255135076
0.011220184543019637	0.5757321684439656
0.01137627285823431	0.5757323153781793
0.011534532578210924	0.575732466428285
0.011694993910198709	0.5757326217095597
0.0118576874816716	0.5757327813405073
0.012022644346174128	0.5757329454429506
0.012189895989248665	0.5757331141421225
0.012359474334445106	0.5757332875667627
0.01253141174941416	0.5757334658492153
0.012705741052085415	0.5757336491255297
0.012882495516931339	0.5757338375355643
0.013061708881318416	0.575734031223093
0.013243415351946647	0.5757342303359155
0.01342764961137864	0.5757344350259685
0.013614446824659503	0.5757346454494425
0.01380384264602885	0.5757348617669004
0.013995873225726183	0.5757350841434002
0.014190575216890922	0.5757353127486204
0.014387985782558455	0.5757355477569898
0.014588142602753484	0.5757357893478192
0.014791083881682078	0.5757360377054391
0.014996848355023738	0.5757362930193399
0.01520547529732496	0.5757365554843156
0.015417004529495593	0.5757368253006133
0.015631476426409538	0.575737102674084
0.015848931924611134	0.5757373878163413
0.016069412530128772	0.5757376809449211
0.016292960326397224	0.5757379822834477
0.01651961798229015	0.5757382920618043
0.016749428760264373	0.5757386105163074
0.016982436524617443	0.5757389378898878
0.01721868574986007	0.5757392744322736
0.017458221529205037	0.5757396204001828
0.017701089583174213	0.5757399760575159
0.017947336268325266	0.5757403416755597
0.018197008586099836	0.575740717533191
0.01845015419179474	0.5757411039170904
0.018706821403658005	0.5757415011219605
0.018967059212111465	0.5757419094507489
0.019230917289101587	0.5757423292148796
0.019498445997580455	0.5757427607344903
0.01976969640111861	0.5757432043386743
0.020044720273651617	0.5757436603657324
0.02032357010936222	0.5757441291634294
0.020606299132700002	0.5757446110892583
0.020892961308540393	0.5757451065107131
0.02118361135248502	0.575745615805567
0.02147830474130534	0.5757461393621601
0.021777097723531588	0.575746677579695
0.022080047330189	0.5757472308685392
0.022387211385683396	0.5757477996505379
0.02269864851883822	0.5757483843593338
0.023014418174085085	0.5757489854406973
0.02333458062281003	0.5757496033528647
0.023659196974857584	0.5757502385668857
0.023988329190194904	0.5757508915669822
0.024322040090738156	0.5757515628509157
0.024660393372343395	0.5757522529303644
0.02500345361696432	0.5757529623313132
0.025351286304979077	0.5757536915944516
0.02570395782768864	0.5757544412755845
0.02606153549998896	0.5757552119460548
0.02642408757321947	0.575756004193175
0.026791683248190326	0.5757568186206751
0.027164392688390833	0.5757576558491587
0.027542287033381664	0.5757585165165751
0.02792543841237338	0.5757594012787017
0.02831391995799379	0.5757603108096422
0.028707805820246908	0.5757612458023376
0.029107171180666053	0.5757622069690902
0.029512092266663854	0.5757631950421056
0.02992264636608189	0.5757642107740456
0.030338911841942706	0.5757652549385991
0.030760968147407083	0.5757663283310674
0.031188895840939368	0.5757674317689686
0.0316227766016838	0.5757685660926536
0.03206269324505466	0.5757697321659444
0.03250872973854344	0.5757709308767871
0.03296097121774578	0.5757721631379242
0.03341950400261143	0.575773429887584
0.033884415613920256	0.5757747320901925
0.03435579478998746	0.5757760707370999
0.03483373150360118	0.5757774468473327
0.0353183169791957	0.575778861468362
0.0358096437102636	0.5757803156768962
0.03630780547701014	0.5757818105796951
0.036812897364253146	0.5757833473144033
0.037325015779572056	0.5757849270504124
0.03784425847170933	0.5757865509897427
0.03837072454922788	0.5757882203679494
0.03890451449942806	0.5757899364550567
0.03944573020752784	0.5757917005565147
0.03999447497610975	0.575793514014185
0.04055085354483839	0.5757953782073515
0.04111497211045223	0.5757972945537604
0.04168693834703355	0.5757992645106892
0.042266861426560304	0.5758012895760443
0.04285485203974396	0.5758033712894879
0.043451022417157155	0.575805511233599
0.044055486350655336	0.5758077110350639
0.04466835921509632	0.5758099723659
0.045289757990362084	0.5758122969447129
0.04591980128368686	0.5758146865379907
0.046558609352295895	0.5758171429614296
0.04720630412635905	0.5758196680812995
0.04786300923226383	0.5758222638158461
0.048528850016212106	0.5758249321367297
0.049203953568145095	0.5758276750705077
0.04988844874600123	0.5758304947001534
0.050582466200311406	0.5758333931666186
0.05128613839913648	0.5758363726704394
0.0519995996533516	0.5758394354733849
0.05272298614228227	0.5758425839001529
0.05345643593969717	0.575845820340108
0.05420008904016238	0.5758491472490735
0.054954087385762455	0.5758525671511673
0.055718574893192985	0.5758560826406891
0.05649369748123026	0.57585969638406
0.057279603098582925	0.5758634111218166
0.058076441752131204	0.575867229670657
0.0588843655355589	0.575871154925541
0.05970352865838369	0.5758751898618539
0.06053408747539135	0.5758793375376239
0.06137620051647942	0.5758836010958008
0.06223002851691595	0.5758879837665986
0.06309573444801933	0.5758924888699007
0.0639734835482648	0.5758971198177306
0.06486344335482384	0.575901880116789
0.06576578373554205	0.5759067733710612
0.06668067692136222	0.5759118032844963
0.06760829753919817	0.5759169736637545
0.06854882264526617	0.5759222884210342
0.06950243175887968	0.575927751576973
0.0704693068967147	0.5759333672636273
0.07144963260755134	0.5759391397275337
0.072443596007499	0.5759450733328514
0.07345138681571149	0.5759511725645914
0.0744731973905989	0.5759574420319321
0.0755092227665434	0.5759638864716243
0.07655966069112563	0.5759705107514871
0.07762471166286918	0.5759773198740001
0.07870457896950987	0.5759843189799904
0.07979946872679766	0.5759915133524198
0.08090958991783824	0.5759989084202732
0.08203515443298183	0.5760065097625517
0.0831763771102671	0.5760143231123732
0.08433347577642754	0.5760223543611814
0.08550667128846834	0.5760306095630694
0.08669618757582166	0.576039094939218
0.08790225168308843	0.576047816882453
0.08912509381337456	0.5760567819619229
0.09036494737223015	0.5760659969279035
0.09162204901219999	0.5760754687167291
0.09289663867799364	0.5760852044558556
0.09418895965228413	0.5760952114690575
0.0954992586021436	0.5761054972817639
0.09682778562612493	0.5761160696265348
0.09817479430199844	0.5761269364486856
0.0995405417351527	0.5761381059120557
0.10092528860766845	0.5761495864049337
0.10232929922807542	0.5761613865461389
0.10375284158180126	0.5761735151912597
0.1051961873823223	0.5761859814390605
0.10665961212302578	0.5761987946380561
0.1081433951297938	0.5762119643932567
0.1096478196143185	0.5762255005730936
0.11117317272815914	0.5762394133165238
0.11271974561755105	0.5762537130403218
0.11428783347897718	0.5762684104465617
0.1158777356155126	0.5762835165302952
0.11748975549395294	0.5762990425874291
0.11912420080273747	0.5763150002228095
0.120781383510678	0.5763314013585135
0.12246161992650487	0.576348258242359
0.1241652307592411	0.5763655834566342
0.12589254117941673	0.5763833899270513
0.12764388088113438	0.5764016909319355
0.1294195841449986	0.5764205001116474
0.13121998990192033	0.5764398314782494
0.1330454417978091	0.5764596994254224
0.13489628825916536	0.5764801187386344
0.13677288255958492	0.5765011046055717
0.13867558288718884	0.5765226726268362
0.1406047524129914	0.5765448388269163
0.14256075936021884	0.5765676196654381
0.14454397707459277	0.5765910320487004
0.14655478409559117	0.5766150933415074
0.1485935642287007	0.5766398213792958
0.1506607066186742	0.5766652344805736
0.1527566058238073	0.5766913514596701
0.1548816618912481	0.5767181916398084
0.15703628043335524	0.5767457748665067
0.159220872705117	0.5767741215213155
0.16143585568264862	0.576803252535899
0.16368165214278085	0.576833189406469
0.16595869074375605	0.5768639542085771
0.16826740610704674	0.5768955696122775
0.17060823890031235	0.5769280588976636
0.17298163592151014	0.5769614459707908
0.1753880501841761	0.576995755379992
0.1778279410038923	0.5770310123325959
0.1803017740859569	0.577067242712055
0.1828100216142743	0.5771044730954955
0.18535316234148114	0.5771427307716946
0.18793168168032684	0.5771820437594976
0.19054607179632474	0.5772224408266812
0.1931968317016924	0.577263951509278
0.195884467350599	0.5773066061313651
0.19860949173573716	0.577350435825331
0.20137242498623883	0.5773954725526312
0.20417379446695297	0.5774417491250415
0.2070141348791042	0.5774892992264179
0.2098939883623524	0.5775381574349774
0.21281390459827118	0.5775883592461071
0.21577444091526662	0.5776399410957144
0.21877616239495523	0.5776929403841286
0.22181964198002188	0.5777473955005652
0.2249054605835781	0.5778033458481638
0.2280342072000418	0.5778608318696122
0.23120647901755947	0.5779198950733673
0.2344228815319922	0.577980578060484
0.23768402866248767	0.5780429245520669
0.24099054286865948	0.5781069794173537
0.2443430552693972	0.5781727887024418
0.24774220576332856	0.5782403996596767
0.251188643150958	0.5783098607777049
0.2546830252585041	0.5783812218122141
0.25822601906345966	0.578454533817364
0.26181830082189855	0.5785298491779279
0.265460556197554	0.5786072216421553
0.2691534803926916	0.5786867063553645
0.27289777828080414	0.5787683598942877
0.27669416454115114	0.5788522403021705
0.2805433637951713	0.5789384071246507
0.28444611074479154	0.5790269214464198
0.28840315031266056	0.5791178459286853
0.29241523778433354	0.5792112448474496
0.2964831389524342	0.5793071841326144
0.30060763026282306	0.5794057314079273
0.3047894989627983	0.5795069560317826
0.30902954325135906	0.5796109291388934
0.31332857243155854	0.5797177236828437
0.31768740706497706	0.5798274144795386
0.32210687912834346	0.579940078251566
0.32658783217233583	0.5800557936734813
0.3311311214825911	0.5801746414180305
0.3357376142429547	0.5802967042033281
0.34040818970100084	0.5804220668409982
0.34514373933585624	0.5805508162852973
0.34994516702835726	0.580683041683231
0.35481338923357547	0.5808188344256786
0.3597493351557423	0.5809582881995374
0.3647539469256078	0.5811014990409052
0.3698281797802662	0.5812485653893075
0.3749730022454835	0.5813995881429903
0.3801893963205612	0.5815546707152852
0.3854783576657718	0.5817139190920644
0.39084089579240205	0.5818774418902968
0.39627803425543945	0.5820453504177187
0.4017908108489399	0.5822177587336306
0.40738027780411273	0.5823947837108328
0.4130475019901614	0.5825765450987148
0.4187935651179184	0.5827631655875053
0.4246195639463129	0.5829547708737004
0.43052661049171065	0.5831514897266754
0.436515832240166	0.5833534540564977
0.44258837236262655	0.5835607989829457
0.4487453899331322	0.5837736629057486
0.45498806015004856	0.5839921875760555
0.46131757456037936	0.5842165181691434
0.4677351412871982	0.5844468033583735
0.47424198526024464	0.5846831953904069
0.48083934844972853	0.5849258501616851
0.48752849010338634	0.585174927296185
0.49431068698683545	0.585430590224457
0.5011872336272722	0.5856930062639514
0.5081594425605606	0.5859623467006412
0.5152286445817565	0.5862387868719469
0.5223961889991198	0.5865225062509681
0.5296634438916578	0.5868136885320281
0.5370317963702527	0.5871125217175363
0.5445026528424212	0.587419198206168
0.5520774392807574	0.5877339148823708
0.5597576014951101	0.5880568732071957
0.5675446054085471	0.5883882793104541
0.5754399373371569	0.5887283440842062
0.5834451042737447	0.5890772832775744
0.5915616341754739	0.589435317592888
0.5997910762555094	0.589802672783152
0.6081350012787179	0.5901795797508406
0.6165950018614822	0.5905662746480126
0.6251726927756859	0.590962998977744
0.6338697112569269	0.591369999696872
0.6426877173170197	0.5917875293200477
0.6516283940608427	0.5922158460250865
0.660693448007596	0.5926552137596128
0.6698846094165264	0.5931059023489895
0.6792036326171845	0.5935681876055193
0.688652296344276	0.5940423514389132
0.6982324040771714	0.5945286819680089
0.7079457843841379	0.5950274736337329
0.7177942912713617	0.5955390273132836
0.727779804536824	0.5960636504355328
0.737904230129101	0.5966016570976191
0.7481695005111544	0.5971533681827231
0.7585775750291838	0.5977191114790019
0.7691304402866096	0.5982992217996717
0.7798301105232587	0.5988940411042072
0.7906786279998251	0.5995039186206471
0.8016780633876791	0.60012921096898
0.8128305161640993	0.6007702822855829
0.8241381150130023	0.6014275043486972
0.835603018231248	0.6021012567049077
0.8472274141405964	0.6027919267966042
0.8590135215053957	0.603499910090396
0.8709635899560807	0.6042256102064514
0.8830799004185628	0.6049694390487295
0.8953647655495938	0.6057318169360794
0.9078205301781858	0.6065131727341712
0.9204495717531713	0.6073139439882257
0.933254300796991	0.6081345770565117
0.9462371613657931	0.6089755272445744
0.9594006315159331	0.6098372589401619
0.9727472237769651	0.6107202457488098
0.9862794856312105	0.611624970630049
1.	0.6125519260342018
1.0139113857366795	0.6135016140397198
1.0280162981264735	0.6144745464910316
1.0423174293933042	0.6154712451368581
1.0568175092136585	0.6164922417689518
1.0715193052376064	0.6175380783612232
1.0864256236170655	0.618609307209209
1.101539309541415	0.6197064910698443
1.1168632477805611	0.6208302033014899
1.132400363235557	0.6219810280041784
1.1481536214968828	0.6231595601600328
1.1641260294104914	0.6243664057738127
1.1803206356517297	0.6256021820135497
1.1967405313072434	0.6268675173512248
1.2133888504649772	0.6281630517034457
1.2302687708123816	0.6294894365720799
1.247383514242943	0.6308473351848054
1.2647363474711513	0.632237422635529
1.2823305826560216	0.6336603860246387
1.3001695780332903	0.635116924599041
1.318256738556407	0.6366077498919492
1.3365955165464423	0.638133585862378
1.355189412351036	0.6396951690343062
1.3740419750125152	0.641293248635474
1.3931568029453032	0.6429285867357702
1.4125375446227544	0.6446019583851809
1.4321878992735435	0.6463141517512586
1.4521116175877422	0.6480659682560869
1.4723125024327188	0.6498582227127019
1.492794409578996	0.651691743460943
1.5135612484362082	0.6535673725027097
1.5346169827992944	0.65548596563659
1.5559656316050745	0.6574483925918472
1.5776112696993487	0.6594555371617316
1.599558028614669	0.6615082973361088
1.62181009735893	0.663607585433383
1.6443717232149315	0.6657543282316981
1.667247212551063	0.6679494670994114
1.6904409316432643	0.6701939581248277
1.7139573075084253	0.6724887722451883
1.7378008287493754	0.674834895374913
1.7619760464116292	0.6772333285330971
1.7864875748520508	0.6796850879702622
1.8113400926196026	0.6821912052943777
1.8365383433483464	0.684752727596153
1.8620871366628675	0.6873707175736244
1.8879913490962936	0.6900462536560497
1.9142559250210855	0.692780430127134
1.940885877592778	0.6955743572476156
1.9678862897068448	0.6984291613772381
1.9952623149688795	0.7013459850961488
2.0230191786782714	0.7043259873257565
2.0511621788255656	0.707370343449097
2.0796966871036955	0.7104802454307511
2.1086281499332893	0.7136569019363681
2.137962089502232	0.7169015384518529
2.1677041048196948	0.7202153974022747
2.197859872784825	0.7235997382705684
2.2284351492703034	0.7270558377160947
2.2594357702209775	0.7305849896931377
2.290867652767773	0.7341885055694188
2.322736796357107	0.7378677142447134
2.3550492838960095	0.7416239622696578
2.3878112829131775	0.7454586139648444
2.4210290467361784	0.7493730515403029
2.4547089156850306	0.753368675215471
2.488857318282391	0.757446903339768
2.523480772480575	0.7616091725138788
2.5585858869056457	0.7658569377118727
2.594179362118814	0.7701916724042781
2.6302679918953817	0.7746148686822386
2.6668586645214796	0.7791280373828895
2.7039583641088436	0.7837327082160834
2.7415741719278826	0.7884304298926121
2.7797132677592886	0.7932227702540685
2.8183829312644537	0.798111316404497
2.857590543374947	0.8030976748439891
2.8973435877013234	0.8081834716043784
2.937649651961531	0.8133703523871969
2.9785164294291895	0.8186599827040633
3.019951720402016	0.8240540480196626
3.061963433690677	0.8295542538974965
3.1045595881283554	0.8351623261485759
3.1477483141013156	0.8408800109832365
3.1915378551007616	0.8467090751662543
3.2359365692962827	0.852651306175449
3.2809529311311905	0.8587085123639585
3.326595532940045	0.8648825231263745
3.372873086588689	0.8711751890689272
3.4197944251370886	0.8775883821839146
3.4673685045253166	0.8841239960285676
3.5156044052829816	0.8907839459085469
3.5645113342624426	0.8975701690662674
3.6140986263961334	0.9044846248742493
3.664375746478332	0.9115292950336917
3.715352290971725	0.9187061837784684
3.767037989839088	0.9260173180847449
3.8194427084004654	0.9334647478864132
3.872576449216172	0.9410505462965475
3.926449353995998	0.9487768098350737
3.9810717055349722	0.956645658662853
4.03645392967605	0.9646592368223769
4.092606597300109	0.9728197124852682
4.14954042634363	0.9811292782067795
4.207266283844441	0.9895901511874852
4.265795188015927	0.9982045735423604
4.325138310350087	1.0069748125774256
4.385306977749857	1.0159031610741551
4.446312674691087	1.0249919375818246
4.508167045414602	1.0342434867179875
4.570881896148751	1.04366017947725
4.634469197362881	1.0532444135485304
4.698941086052154	1.0629986136409666
4.764309868054157	1.0729252318186486
4.830588020397727	1.0830267478443367
4.897788193684462	1.0933056695323329
4.96592321450336	1.103764533110662
5.035006087879047	1.1144059035927154
5.105049999754062	1.125232375158514
5.176068319505676	1.1362465715457353
5.248074602497725	1.147451146450647
5.321082592667942	1.1588487839390857
5.3951062251512765	1.1704421988676221
5.470159628939716	1.1822341373150325
5.546257129579107	1.194227377024216
5.623413251903491	1.2064247278546658
5.701642722807475	1.2188290322456314
5.780960474057181	1.2314431656900608
5.861381645140288	1.244270037219457
5.942921586155727	1.2573125898997375
6.025595860743578	1.2705738013382037
6.109420249055721	1.2840566842017207
6.1944107507678146	1.2977642867461956
6.2805835881331795	1.3116996933574436
6.367955209079159	1.3258660251035297
6.456542290346556	1.3402664402986701
6.546361740672749	1.3549041350787634
6.637430704019088	1.3697823439886367
6.729766562843177	1.3849043405810648
6.823386941416696	1.4002734380276463
6.918309709189364	1.415892989741587
7.014552984199712	1.4317663900124638
7.11213513653329	1.4478970746530204
7.211074791828996	1.4642885216580628
7.3113908348341745	1.48094425187549
7.413102413009175	1.49786782968954
7.516228940182055	1.515062863716278
7.62079010025412	1.532533007511387
7.726805850957024	1.5502819602903088
7.834296427662118	1.5683134676607833
7.943282347242816	1.5866313223678188
8.053784411990666	1.605239365051162
8.165823713585924	1.6241414850152918
8.279421637123342	1.6433416210119876
8.394599865193975	1.6628437620355199
8.511380382023766	1.6826519481305051
8.629785477669705	1.7027702712124693
8.74983775227436	1.7232028759011655
8.871560120379607	1.743953960366698
8.994975815300352	1.7650277771884872
9.120108393559097	1.7864286342271465
9.246981739382225	1.8081608955092976
9.375620069258803	1.8302289821253963
9.506047936562814	1.8526373731406172
9.638290236239705	1.8753906065188495
9.772372209558107	1.8984932800598744
9.908319448927676	1.9219500523497814
10.046157902783952	1.945765643724685
10.185913880541168	1.969944837247823
10.327614057613975	1.9944924797000971
10.471285480508996	2.019413482584138
10.616955571987246	2.0447128231419796
10.764652136298348	2.0703955453864085
10.914403364487566	2.096466761146103
11.066237839776662	2.1229316511246314
11.220184543019634	2.1497954659734217
11.376272858234309	2.1770635273787953
11.534532578210923	2.2047412291631727
11.69499391019871	2.2328340384005676
11.8576874816716	2.2613474965464837
12.022644346174129	2.2902872205823313
12.189895989248665	2.3196589041744935
12.359474334445103	2.3494683188481753
12.531411749414158	2.379721315176177
12.705741052085415	2.410423823982727
12.88249551693134	2.4415818575625217
13.061708881318415	2.4732015109151457
13.243415351946645	2.5052889629950066
13.427649611378637	2.5378504779769684
13.6144468246595	2.5708924065378578
13.803842646028848	2.6044211871539997
13.99587322572618	2.6384433474149973
14.190575216890922	2.6729655053539227
14.387985782558454	2.707994370794122
14.588142602753484	2.743536746712846
14.791083881682074	2.779599530621901
14.996848355023735	2.816189715965542
15.205475297324956	2.8533143935358325
15.417004529495594	2.8909807529056883
15.631476426409542	2.929196083879854
15.848931924611136	2.9679677779640286
16.069412530128773	3.0073033298524123
16.292960326397225	3.0472103389339082
16.51961798229015	3.087696510817243
16.749428760264372	3.128769658875268
16.982436524617444	3.1704377058087196
17.21868574986007	3.212708685229705
17.458221529205037	3.2555907432652034
17.70108958317421	3.2990921401808606
17.947336268325266	3.3432212520253937
18.197008586099834	3.387986572295878
18.450154191794738	3.4333967136242505
18.706821403658008	3.4794604094853248
18.967059212111465	3.5261865159266366
19.230917289101583	3.573584013320467
19.49844599758045	3.6216620081383444
19.769696401118605	3.6704297347483745
20.04472027365161	3.7198965572357587
20.32357010936222	3.7700719712468214
20.606299132700002	3.820965605856916
20.892961308540396	3.872587225462574
21.18361135248502	3.9249467316982547
21.478304741305337	3.978054165378073
21.77709772353159	4.031919708462892
22.080047330188997	4.086553686053137
22.387211385683393	4.141966568407774
22.69864851883822	4.198168972989778
23.014418174085087	4.255171666538566
23.33458062281003	4.312985567169753
23.659196974857583	4.37162174650267
23.988329190194904	4.431091431816047
24.322040090738156	4.491406008232315
24.660393372343393	4.552577020930924
25.003453616964315	4.614616177391148
25.35128630497908	4.677535349664799
25.703957827688633	4.741346576679325
26.061535499988953	4.806062066571712
26.424087573219467	4.871694199053699
26.791683248190317	4.938255527808732
27.164392688390823	5.005758782921167
27.542287033381662	5.074216873338196
27.92543841237338	5.143642889364955
28.313919957993793	5.214050105193363
28.70780582024691	5.285451981465144
29.107171180666054	5.357862167869567
29.512092266663856	5.431294505776422
29.92264636608189	5.505763030904726
30.338911841942707	5.58128197602772
30.76096814740708	5.657865773714674
31.18889584093937	5.735529059110053
31.622776601683796	5.814286672750558
32.06269324505466	5.8941536634206795
32.50872973854344	5.975145291047215
32.96097121774578	6.057277029633433
33.419504002611426	6.140564570233369
33.884415613920254	6.225023823966904
34.35579478998746	6.31067092507619
34.83373150360118	6.397522234024011
35.3183169791957	6.48559434063474
35.80964371026361	6.574904067278434
36.30780547701014	6.665468472098751
36.81289736425314	6.75730485228531
37.325015779572055	6.850430747391098
37.844258471709324	6.944863942695628
38.37072454922787	7.040622472614472
38.90451449942806	7.137724624155824
39.44573020752784	7.236188940424816
39.99447497610974	7.336034224176207
40.550853544838375	7.437279541416195
41.11497211045222	7.5399442250540245
41.68693834703354	7.644047878604082
42.2668614265603	7.749610379939269
42.85485203974395	7.856651885096271
43.451022417157155	7.965192832133593
44.05548635065533	8.075253945042991
44.66835921509632	8.186856237715135
45.28975799036208	8.300021017960242
45.919801283686866	8.414769891584472
46.5586093522959	8.531124766522845
47.20630412635906	8.649107857029527
47.86300923226384	8.768741687926259
48.52885001621211	8.890049098909754
49.20395356814509	9.013053248918926
49.88844874600122	9.13777762056274
50.5824662003114	9.264246024609575
51.28613839913648	9.39248260453899
51.999599653351595	9.522511841156698
52.722986142282274	9.654358557273692
53.45643593969716	9.78804792245043
54.20008904016238	9.923605457806955
54.954087385762456	10.061057040899902
55.71857489319299	10.200428910667314
56.49369748123025	10.341747672442263
57.279603098582925	10.48504030303616
58.07644175213121	10.6303341558928
58.8843655355589	10.777656966314128
59.70352865838369	10.927036856758663
60.53408747539137	11.078502342213703
61.37620051647943	11.232082335642238
62.23002851691596	11.387806153505702
63.095734448019336	11.545703521363563
63.973483548264824	11.705804579550842
64.86344335482384	11.8681398889347
65.76578373554204	12.03274043675111
66.6806769213622	12.199637642522779
67.60829753919818	12.368863364059491
68.54882264526614	12.540449903541951
69.50243175887968	12.714430013690322
70.46930689671468	12.890836904018657
71.44963260755132	13.069704247176437
72.44359600749901	13.251066185378317
73.45138681571149	13.434957336923501
74.47319739059891	13.62141280280581
75.50922276654339	13.810468173415833
76.55966069112563	14.00215953533637
77.62471166286917	14.19652347823251
78.70457896950987	14.393597101837651
79.79946872679767	14.593418023036795
80.90958991783823	14.796024383048449
82.03515443298184	15.001454854706578
83.17637711026711	15.209748649843917
84.33347577642755	15.420945526778098
85.50667128846834	15.63508579790204
86.69618757582165	15.852210337380003
87.90225168308842	16.072360588950836
89.12509381337455	16.29557857383984
90.36494737223015	16.521906898780852
91.62204901219997	16.75138876414998
92.89663867799362	16.984067972212625
94.18895965228414	17.21998893548533
95.49925860214358	17.459196685214035
96.8277856261249	17.70173687997044
98.17479430199845	17.947655814367984
99.54054173515269	18.197000427899265
100.92528860766845	18.449818313896422
102.32929922807541	18.706157728616358
103.75284158180126	18.96606760045237
105.19618738232228	19.229597539274142
106.6596121230258	19.496797845897667
108.1433951297938	19.767719521687113
109.64781961431851	20.04241427829025
111.17317272815912	20.32093454750957
112.71974561755104	20.6033334913107
114.28783347897718	20.889665011970262
115.8777356155126	21.179983762364873
117.48975549395296	21.47434515640356
119.12420080273749	21.77280537960525
120.78138351067803	22.075421399823586
122.46161992650487	22.38225097812109
124.16523075924111	22.693352679794586
125.89254117941672	23.008785885554197
127.64388088113438	23.32861080285794
129.41958414499862	23.652888477404126
131.21998990192031	23.98168080478362
133.0454417978091	24.31505054229447
134.89628825916535	24.6530613209209
136.7728825595849	24.99577765747904
138.67558288718885	25.343264966931724
140.6047524129914	25.695589574874766
142.5607593602188	26.05281873019697
144.54397707459273	26.415020617916348
146.55478409559115	26.78226437219502
148.5935642287007	27.15462008953535
150.6607066186742	27.53215884215959
152.75660582380726	27.914952691575863
154.88166189124814	28.30307470233293
157.03628043335524	28.69659895596642
159.22087270511702	29.095600565139097
161.43585568264862	29.500155687978
163.68165214278085	29.91034154261109
165.95869074375605	30.326236421906223
168.26740610704672	30.747919708415218
170.60823890031236	31.17547188952595
172.98163592151013	31.608974572825293
175.3880501841761	32.04851050167587
177.82794100389228	32.49416357100958
180.30177408595688	32.94601884334094
182.81002161427426	33.404162565003205
185.35316234148112	33.868682182610584
187.93168168032685	34.33966635974936
190.54607179632472	34.817204993901456
193.1968317016924	35.301389233603416
195.88446735059898	35.79231149584421
198.60949173573715	36.2900654837051
201.37242498623885	36.79474620424498
204.17379446695293	37.306449986634746
207.01413487910423	37.825274500543784
209.89398836235242	38.35131877478247
212.8139045982712	38.88468321620407
215.77444091526667	39.42546962886957
218.77616239495526	39.97378123347935
221.81964198002188	40.529722687075136
224.90546058357808	41.09340010301605
228.0342072000418	41.66492107123282
231.20647901755947	42.244394678763626
234.4228815319922	42.83193153057577
237.68402866248763	43.42764377067715
240.99054286865947	44.03164510352138
244.3430552693972	44.644050815710706
247.74220576332854	45.26497779800117
251.188643150958	45.89454456761359
254.68302525850413	46.532871290855304
258.2260190634596	47.18007980605643
261.8183008218985	47.83629364682555
265.4605561975539	48.50163806562855
269.15348039269156	49.17624005769598
272.8977782808041	49.86022838526279
276.69416454115117	50.55373360214543
280.54336379517133	51.25688807866083
284.44611074479155	51.96982602689219
288.4031503126606	52.692683526306304
292.41523778433356	53.42559854972722
296.4831389524342	54.16871098967133
300.6076302628231	54.922162685049
304.7894989627983	55.68609744823742
309.02954325135903	56.460661092530486
313.32857243155854	57.24600145997026
317.6874070649771	58.04226844956596
322.10687912834345	58.84961404590528
326.5878321723358	59.66819234816404
331.13112148259114	60.49815959951928
335.7376142429547	61.339674216971694
340.4081897010009	62.19289682158283
345.1437393358563	63.05799026913315
349.94516702835733	63.93511968120654
354.8133892335755	64.82445247670738
359.7493351557423	65.72615840381592
364.75394692560786	66.64040957238839
369.82817978026617	67.56738048680805
374.9730022454835	68.50724807929284
380.1893963205612	69.46019174366688
385.4783576657718	70.42639336960154
390.840895792402	71.40603737733298
396.2780342554394	72.39931075286286
401.7908108489399	73.4064030836484
407.3802778041127	74.4275065947894
413.0475019901613	75.46281618571844
418.7935651179184	76.51252946740158
424.6195639463129	77.57684680005677
430.52661049171064	78.65597133139683
436.515832240166	79.75010903540446
442.58837236262656	80.85946875164693
448.7453899331322	81.9842622251375
454.98806015004857	83.12470414675154
461.3175745603794	84.28101219420476
467.73514128719825	85.45340707360194
474.24198526024475	86.64211256156304
480.8393484497286	87.84735554793612
487.5284901033862	89.0693660791038
494.3106869868354	90.30837740189288
501.1872336272722	91.56462600809415
508.1594425605605	92.83835167960213
515.2286445817564	94.12979753418254
522.3961889991198	95.43921007187649
529.6634438916578	96.76683922205024
537.0317963702527	98.11293839109968
544.5026528424212	99.47776451081828
552.0774392807573	100.86157808743808
559.7576014951102	102.26464325135292
567.5446054085471	103.68722780753302
575.439937337157	105.12960328664194
583.4451042737447	106.59204499686331
591.561634175474	108.07483207644987
599.7910762555094	109.57824754700255
608.1350012787179	111.10257836749145
616.5950018614822	112.64811548902803
625.1726927756858	114.21515391039927
633.869711256927	115.80399273437455
642.6877173170197	117.4149352247959
651.6283940608427	119.04828886446224
660.693448007596	120.70436541381913
669.8846094165264	122.38348097046493
679.2036326171844	124.0859560294847
688.652296344276	125.81211554462365
698.2324040771713	127.56228899031139
707.9457843841378	129.33681042454927
717.7942912713618	131.13601855267248
727.779804536824	132.96025679199906
737.9042301291009	134.8098733373787
748.1695005111543	136.6852212276529
758.5775750291838	138.58665841304014
769.1304402866097	140.5145478234583
779.8301105232588	142.46925743779758
790.6786279998252	144.45116035415714
801.6780633876792	146.46063486105876
812.8305161640993	148.49806450965153
824.1381150130022	150.56383818692055
835.603018231248	152.65835018991436
847.2274141405965	154.7820003010051
859.0135215053958	156.93519386419518
870.9635899560805	159.11834186248643
883.0799004185627	161.33186099632442
895.3647655495937	163.576173763135
907.8205301781857	165.85170853796663
920.4495717531712	168.15889965525525
933.2543007969911	170.49818749172624
946.2371613657929	172.87001855044952
959.4006315159331	175.27484554606434
972.7472237769651	177.71312749118962
986.2794856312105	180.18532978403607
1000.	182.69192429723776